                        1.22225e-03                                      -0.0330
                        1.05993e-02                                      -0.1367
                        5.08934e-02                                       1.8884
                        1.02141e-01                                       3.1502
                        1.50819e-01                                       4.0506
                        2.00629e-01                                       4.8476
                        2.51159e-01                                       5.5611
                        3.03733e-01                                       6.2476
                        5.03912e-01                                       9.0779
                        7.00693e-01                                      12.7200
                        8.97689e-01                                      22.3508
                        9.76401e-01                                      83.9667
                        9.85884e-01                                     138.9275
                        9.90898e-01                                     244.6359
                        9.85064e-01                                     182.4803
                        9.73824e-01                                     108.1266
                        9.64012e-01                                      73.2999
                        9.55646e-01                                      56.2563
                        9.43420e-01                                      44.1073
                        9.32807e-01                                      37.4129
                        9.21163e-01                                      33.0414
                        9.09968e-01                                      29.2176
                        9.00236e-01                                      27.3640
                        8.76550e-01                                      23.8927
                        8.60390e-01                                      22.2824
                        8.40716e-01                                      20.7935
                        8.18188e-01                                      19.5435
                        7.95827e-01                                      18.6713
                        7.77292e-01                                      17.8644
                        7.55448e-01                                      17.0836
                        7.36013e-01                                      16.3786
                        7.16075e-01                                      15.7100
                        6.96060e-01                                      15.0567
                        6.76187e-01                                      14.4184
                        6.55365e-01                                      13.8134
                        6.34355e-01                                      13.2503
                        6.15159e-01                                      12.7858
                        5.95381e-01                                      12.2445
                        5.75160e-01                                      11.6838
                        5.55101e-01                                      11.1266
                        5.35428e-01                                      10.5861
                        5.14891e-01                                      10.0474
                        4.94177e-01                                       9.5517
                        4.75609e-01                                       9.0832
                        4.55551e-01                                       8.5630
                        4.34253e-01                                       8.0116
                        4.15791e-01                                       7.4752
                        3.94853e-01                                       6.9033
                        3.75113e-01                                       6.3457
                        3.56010e-01                                       5.7766
                        3.35189e-01                                       5.2021
                        3.15342e-01                                       4.6233
                        2.95338e-01                                       4.0552
                        2.74894e-01                                       3.4939
                        2.55171e-01                                       2.8812
                        2.35734e-01                                       2.2435
                        2.15934e-01                                       1.5646
                        1.95483e-01                                       0.8517
                        1.76282e-01                                       0.0913
                        1.55928e-01                                      -0.6519
                        1.36448e-01                                      -1.5125
                        1.16470e-01                                      -2.3779
                        9.68285e-02                                      -3.2514
                        8.56712e-02                                      -3.9214
                        7.56365e-02                                      -4.5734
                        6.58721e-02                                      -5.2137
                        5.63352e-02                                      -5.9975
                        4.62608e-02                                      -6.8050
                        3.62565e-02                                      -7.5717
                        2.66603e-02                                      -8.4283